Date;Time;ElapsedTime;Longitude;Latitude;Altitude;Distance;HeartRate;Speed;Cadence
2017-09-26;07:31:02;0;20,482333;38,157633;34,0;507,6;152,0;9,6;168,0
2017-09-26;07:31:07;5;20,482445;38,157758;34,2;521,3;158,0;9,9;168,0
2017-09-26;07:31:08;6;20,482461;38,157785;34,2;524,6;158,0;10,0;166,0
2017-09-26;07:31:15;13;20,482581;38,157958;34,2;546,5;157,0;10,3;166,0
2017-09-26;07:31:22;20;20,482715;38,158125;34,4;568,5;156,0;10,5;166,0
2017-09-26;07:31:28;26;20,482846;38,158276;34,6;588,9;153,0;10,7;166,0
2017-09-26;07:31:35;33;20,482928;38,158470;34,6;611,5;153,0;10,9;168,0
2017-09-26;07:31:37;35;20,482958;38,158521;34,8;617,8;149,0;11,0;168,0
2017-09-26;07:31:43;41;20,482989;38,158681;35,2;635,7;154,0;11,0;170,0
2017-09-26;07:31:47;45;20,482996;38,158793;35,4;648,0;150,0;11,0;168,0
2017-09-26;07:31:54;52;20,483013;38,158981;35,8;668,8;153,0;11,1;170,0
2017-09-26;07:32:01;59;20,483014;38,159170;36,2;689,8;154,0;11,1;168,0
2017-09-26;07:32:07;65;20,483012;38,159329;36,2;707,3;151,0;11,0;170,0
2017-09-26;07:32:14;72;20,482979;38,159514;36,2;727,7;152,0;11,0;170,0
2017-09-26;07:32:21;79;20,482916;38,159695;35,8;748,3;151,0;11,0;170,0
2017-09-26;07:32:24;82;20,482889;38,159773;35,6;757,2;154,0;11,0;170,0
2017-09-26;07:32:32;90;20,482906;38,159972;36,0;779,3;152,0;10,9;170,0
2017-09-26;07:32:37;95;20,482900;38,160106;36,0;794,2;155,0;10,9;170,0
2017-09-26;07:32:44;102;20,482875;38,160286;35,8;814,2;153,0;10,8;170,0
2017-09-26;07:32:51;109;20,482865;38,160477;36,0;835,4;152,0;10,8;170,0
2017-09-26;07:32:56;114;20,482869;38,160608;36,2;850,1;155,0;10,8;170,0
2017-09-26;07:33:04;122;20,482891;38,160787;36,6;870,1;153,0;10,7;168,0
2017-09-26;07:33:11;129;20,482905;38,160986;37,0;892,2;153,0;10,7;170,0
2017-09-26;07:33:18;136;20,482879;38,161182;37,2;914,1;153,0;10,8;170,0
2017-09-26;07:33:25;143;20,482870;38,161384;37,6;936,7;155,0;10,9;170,0
2017-09-26;07:33:32;150;20,482832;38,161581;37,8;958,8;155,0;10,9;172,0
2017-09-26;07:33:39;157;20,482782;38,161773;38,0;980,6;157,0;11,0;170,0
2017-09-26;07:33:46;164;20,482705;38,161959;36,8;1002,2;156,0;10,9;168,0
2017-09-26;07:33:53;171;20,482638;38,162157;35,6;1024,9;157,0;11,0;170,0
2017-09-26;07:33:56;174;20,482615;38,162247;35,2;1035,1;154,0;11,1;170,0
2017-09-26;07:34:00;178;20,482582;38,162366;34,8;1048,6;157,0;11,1;170,0
2017-09-26;07:34:07;185;20,482568;38,162563;34,4;1070,7;155,0;11,2;170,0
2017-09-26;07:34:11;189;20,482541;38,162670;34,0;1082,7;158,0;11,2;170,0
2017-09-26;07:34:18;196;20,482503;38,162862;33,6;1104,2;156,0;11,2;170,0
2017-09-26;07:34:25;203;20,482467;38,163055;33,4;1125,8;156,0;11,2;170,0
2017-09-26;07:34:31;209;20,482422;38,163225;33,2;1145,1;153,0;11,2;170,0
2017-09-26;07:34:34;212;20,482404;38,163315;33,2;1155,2;156,0;11,2;170,0
2017-09-26;07:34:39;217;20,482376;38,163464;33,2;1171,9;159,0;11,3;170,0
2017-09-26;07:34:40;218;20,482370;38,163494;33,2;1175,3;162,0;11,3;170,0
2017-09-26;07:34:46;224;20,482350;38,163679;33,0;1195,9;164,0;11,3;172,0
2017-09-26;07:34:52;230;20,482337;38,163856;32,8;1215,6;160,0;11,4;168,0
2017-09-26;07:34:53;231;20,482335;38,163884;32,8;1218,7;157,0;11,4;168,0
2017-09-26;07:34:54;232;20,482332;38,163913;32,6;1221,9;157,0;11,4;168,0
2017-09-26;07:35:01;239;20,482348;38,164116;32,6;1244,4;157,0;11,5;170,0
2017-09-26;07:35:06;244;20,482378;38,164269;32,6;1261,6;160,0;11,5;172,0
2017-09-26;07:35:13;251;20,482426;38,164470;32,6;1284,3;160,0;11,6;170,0
2017-09-26;07:35:20;258;20,482518;38,164664;33,2;1307,2;159,0;11,6;170,0
2017-09-26;07:35:27;265;20,482550;38,164854;33,4;1328,6;159,0;11,6;170,0
2017-09-26;07:35:34;272;20,482614;38,165052;33,6;1351,2;159,0;11,6;170,0
2017-09-26;07:35:38;276;20,482663;38,165162;34,0;1364,1;156,0;11,6;170,0
2017-09-26;07:35:40;278;20,482685;38,165218;34,2;1370,6;159,0;11,6;170,0
2017-09-26;07:35:47;285;20,482753;38,165409;34,8;1392,6;160,0;11,6;172,0
2017-09-26;07:35:54;292;20,482828;38,165599;35,6;1414,8;162,0;11,6;172,0
2017-09-26;07:36:01;299;20,482914;38,165787;36,4;1437,0;161,0;11,6;170,0
2017-09-26;07:36:08;306;20,482992;38,165984;37,2;1459,9;161,0;11,6;170,0
2017-09-26;07:36:15;313;20,483057;38,166167;39,2;1480,9;163,0;11,6;174,0
2017-09-26;07:36:24;322;20,483086;38,166364;40,6;1502,7;163,0;11,5;174,0
2017-09-26;07:36:30;328;20,483148;38,166550;42,6;1524,0;165,0;11,7;174,0
2017-09-26;07:36:36;334;20,483189;38,166748;44,4;1546,3;165,0;11,9;174,0
2017-09-26;07:36:43;341;20,483205;38,166935;45,4;1567,2;165,0;11,7;174,0
2017-09-26;07:36:50;348;20,483272;38,167114;46,6;1587,8;167,0;11,4;170,0
2017-09-26;07:36:57;355;20,483384;38,167278;48,4;1608,7;168,0;11,2;170,0
2017-09-26;07:37:04;362;20,483484;38,167452;50,2;1630,0;167,0;11,1;172,0
2017-09-26;07:37:11;369;20,483547;38,167633;51,2;1650,9;167,0;11,1;172,0
2017-09-26;07:37:17;375;20,483603;38,167814;52,2;1671,6;167,0;11,1;172,0
2017-09-26;07:37:23;381;20,483676;38,167992;53,4;1692,3;166,0;11,3;174,0
2017-09-26;07:37:30;388;20,483776;38,168168;55,0;1713,7;168,0;11,4;170,0
2017-09-26;07:37:38;396;20,483884;38,168358;57,6;1736,6;167,0;11,4;174,0
2017-09-26;07:37:46;404;20,483995;38,168535;61,0;1758,3;166,0;11,3;172,0
2017-09-26;07:37:54;412;20,484123;38,168698;64,8;1779,6;167,0;11,2;174,0
2017-09-26;07:38:03;421;20,484242;38,168873;68,2;1801,9;167,0;10,9;172,0
2017-09-26;07:38:11;429;20,484332;38,169044;70,8;1822,3;167,0;10,6;172,0
2017-09-26;07:38:19;437;20,484434;38,169226;73,6;1844,1;168,0;10,2;172,0
2017-09-26;07:38:27;445;20,484547;38,169402;76,0;1866,1;168,0;10,1;170,0
2017-09-26;07:38:34;452;20,484637;38,169569;77,4;1886,2;169,0;10,0;170,0
2017-09-26;07:38:41;459;20,484736;38,169736;77,2;1906,7;167,0;10,1;170,0
2017-09-26;07:38:48;466;20,484836;38,169908;76,6;1927,8;167,0;10,2;168,0
2017-09-26;07:38:56;474;20,484871;38,170109;75,0;1950,3;168,0;10,2;170,0
2017-09-26;07:39:04;482;20,484921;38,170305;73,2;1972,4;169,0;10,2;170,0
2017-09-26;07:39:12;490;20,485011;38,170490;71,8;1994,3;169,0;10,2;170,0
2017-09-26;07:39:13;491;20,485012;38,170512;71,6;1996,7;174,0;10,2;170,0
2017-09-26;07:39:14;492;20,485021;38,170534;71,4;1999,3;177,0;10,1;170,0
2017-09-26;07:39:15;493;20,485027;38,170557;71,2;2001,9;180,0;10,1;170,0
2017-09-26;07:39:16;494;20,485033;38,170579;71,0;2004,4;183,0;10,1;170,0
2017-09-26;07:39:16;494;20,485033;38,170579;71,0;2004,4;183,0;10,1;170,0
2017-09-26;07:39:17;495;20,485034;38,170603;70,8;2006,9;186,0;10,1;170,0
2017-09-26;07:39:19;497;20,485047;38,170649;70,4;2012,0;190,0;10,1;170,0
2017-09-26;07:39:27;505;20,485147;38,170831;69,2;2034,2;189,0;10,0;172,0
2017-09-26;07:39:33;511;20,485282;38,170949;69,2;2052,0;186,0;10,0;170,0
2017-09-26;07:39:37;515;20,485405;38,170996;69,8;2064,0;183,0;10,1;170,0
2017-09-26;07:39:39;517;20,485465;38,171017;70,2;2069,8;180,0;10,1;170,0
2017-09-26;07:39:42;520;20,485558;38,171028;70,0;2078,0;177,0;10,0;166,0
2017-09-26;07:39:45;523;20,485647;38,171038;69,4;2085,9;174,0;10,0;166,0
2017-09-26;07:39:51;529;20,485738;38,171048;69,0;2094,0;173,0;9,6;164,0
2017-09-26;07:39:59;537;20,485651;38,171048;69,2;2103,4;175,0;3,2;160,0
2017-09-26;07:40:04;542;20,485514;38,170963;70,8;2118,7;172,0;8,0;164,0
2017-09-26;07:40:11;549;20,485303;38,170872;70,2;2140,0;171,0;9,0;164,0
2017-09-26;07:40:19;557;20,485098;38,170738;69,8;2163,3;169,0;9,2;160,0
2017-09-26;07:40:27;565;20,485027;38,170562;71,2;2183,9;166,0;9,5;162,0
2017-09-26;07:40:34;572;20,484869;38,170405;71,6;2203,1;169,0;10,0;162,0
2017-09-26;07:40:41;579;20,484795;38,170208;73,0;2225,8;169,0;10,6;166,0
2017-09-26;07:40:48;586;20,484716;38,170003;74,6;2249,5;169,0;10,6;168,0
2017-09-26;07:40:55;593;20,484647;38,169820;75,2;2270,7;170,0;11,0;168,0
2017-09-26;07:41:00;598;20,484555;38,169663;73,8;2289,8;167,0;11,3;168,0
2017-09-26;07:41:01;599;20,484536;38,169631;73,4;2293,8;164,0;11,4;168,0
2017-09-26;07:41:02;600;20,484519;38,169599;73,2;2297,6;160,0;11,5;168,0
2017-09-26;07:41:03;601;20,484501;38,169563;73,0;2301,9;160,0;11,5;168,0
2017-09-26;07:41:10;608;20,484437;38,169368;72,8;2324,3;157,0;11,6;168,0
2017-09-26;07:41:15;613;20,484398;38,169252;72,4;2337,6;160,0;11,5;170,0
2017-09-26;07:41:16;614;20,484395;38,169230;72,4;2340,1;164,0;11,5;170,0
2017-09-26;07:41:17;615;20,484393;38,169211;72,4;2342,3;163,0;11,4;168,0
2017-09-26;07:41:20;618;20,484340;38,169121;70,8;2353,1;160,0;11,2;168,0
2017-09-26;07:41:25;623;20,484241;38,168956;68,0;2373,2;162,0;11,5;168,0
2017-09-26;07:41:30;628;20,484099;38,168799;63,8;2394,7;161,0;11,6;172,0
2017-09-26;07:41:35;633;20,483919;38,168649;58,4;2417,4;159,0;12,2;170,0
2017-09-26;07:41:41;639;20,483736;38,168488;53,8;2441,2;160,0;12,5;170,0
2017-09-26;07:41:46;644;20,483606;38,168360;51,6;2459,4;156,0;12,4;170,0
2017-09-26;07:41:49;647;20,483544;38,168284;50,6;2469,4;153,0;12,4;168,0
2017-09-26;07:41:55;653;20,483423;38,168118;48,8;2490,7;152,0;12,4;168,0
2017-09-26;07:42:02;660;20,483338;38,167932;47,8;2512,6;153,0;12,3;168,0
2017-09-26;07:42:08;666;20,483276;38,167755;46,6;2533,1;152,0;12,2;170,0
2017-09-26;07:42:11;669;20,483253;38,167664;46,2;2543,4;148,0;12,3;168,0
2017-09-26;07:42:17;675;20,483209;38,167476;45,6;2564,6;149,0;12,3;170,0
2017-09-26;07:42:24;682;20,483132;38,167276;44,2;2587,8;149,0;12,4;170,0
2017-09-26;07:42:31;689;20,483040;38,167086;42,8;2610,4;150,0;12,3;170,0
2017-09-26;07:42:38;696;20,482978;38,166883;41,8;2633,6;153,0;12,3;168,0
2017-09-26;07:42:44;702;20,482944;38,166692;41,2;2655,0;154,0;12,3;168,0
2017-09-26;07:42:50;708;20,482901;38,166498;39,8;2676,8;151,0;12,4;168,0
2017-09-26;07:42:56;714;20,482853;38,166321;38,4;2697,0;151,0;12,4;170,0
2017-09-26;07:43:02;720;20,482802;38,166130;37,0;2718,7;152,0;12,4;170,0
2017-09-26;07:43:08;726;20,482751;38,165935;35,6;2740,8;152,0;12,5;170,0
2017-09-26;07:43:14;732;20,482705;38,165750;35,0;2761,7;153,0;12,6;170,0
2017-09-26;07:43:21;739;20,482649;38,165555;34,4;2783,9;153,0;12,5;168,0
2017-09-26;07:43:28;746;20,482583;38,165362;33,8;2806,3;156,0;12,3;170,0
2017-09-26;07:43:34;752;20,482496;38,165191;33,0;2826,7;157,0;12,3;170,0
2017-09-26;07:43:41;759;20,482420;38,164992;32,6;2849,8;158,0;12,3;170,0
2017-09-26;07:43:47;765;20,482372;38,164815;32,2;2869,9;162,0;12,2;170,0
2017-09-26;07:43:48;766;20,482364;38,164787;32,2;2873,1;159,0;12,2;170,0
2017-09-26;07:43:54;772;20,482290;38,164612;31,8;2893,5;161,0;12,2;170,0
2017-09-26;07:44:00;778;20,482224;38,164438;31,4;2913,7;159,0;12,2;172,0
2017-09-26;07:44:04;782;20,482197;38,164326;31,2;2926,3;155,0;12,2;172,0
2017-09-26;07:44:05;783;20,482192;38,164297;31,2;2929,5;158,0;12,2;170,0
2017-09-26;07:44:12;790;20,482157;38,164101;31,2;2951,6;160,0;12,1;170,0
2017-09-26;07:44:16;794;20,482164;38,163992;31,4;2963,8;163,0;12,0;168,0
2017-09-26;07:44:23;801;20,482166;38,163802;31,6;2984,8;165,0;11,8;170,0
2017-09-26;07:44:28;806;20,482177;38,163665;31,8;3000,1;164,0;11,7;168,0
2017-09-26;07:44:35;813;20,482203;38,163462;32,2;3022,7;162,0;11,7;170,0
2017-09-26;07:44:43;821;20,482225;38,163255;32,2;3045,8;164,0;11,4;170,0
2017-09-26;07:44:51;829;20,482255;38,163073;32,0;3066,3;164,0;11,3;170,0
2017-09-26;07:44:56;834;20,482321;38,162888;32,2;3087,6;165,0;11,3;170,0
2017-09-26;07:45:02;840;20,482352;38,162736;32,4;3108,2;164,0;11,4;170,0
2017-09-26;07:45:09;847;20,482421;38,162502;33,2;3131,4;165,0;11,5;170,0
2017-09-26;07:45:15;853;20,482462;38,162323;33,8;3151,6;165,0;11,5;172,0
2017-09-26;07:45:22;860;20,482498;38,162147;34,4;3171,4;162,0;11,5;170,0
2017-09-26;07:45:27;865;20,482512;38,161965;34,8;3191,7;163,0;11,6;170,0
2017-09-26;07:45:34;872;20,482531;38,161770;35,4;3213,4;165,0;11,5;170,0
2017-09-26;07:45:41;879;20,482572;38,161572;35,2;3235,7;163,0;11,5;170,0
2017-09-26;07:45:47;885;20,482589;38,161400;34,8;3254,8;160,0;11,5;170,0
2017-09-26;07:45:54;892;20,482610;38,161197;34,4;3277,4;161,0;11,4;170,0
2017-09-26;07:46:00;898;20,482596;38,161006;33,8;3298,6;162,0;11,5;172,0
2017-09-26;07:46:06;904;20,482589;38,160813;33,4;3320,1;162,0;11,6;170,0
2017-09-26;07:46:13;911;20,482578;38,160631;33,0;3340,4;164,0;11,7;170,0
2017-09-26;07:46:16;914;20,482573;38,160504;32,8;3354,5;161,0;11,7;170,0
2017-09-26;07:46:17;915;20,482569;38,160475;32,8;3357,7;156,0;11,7;170,0
2017-09-26;07:46:18;916;20,482558;38,160446;32,6;3361,0;156,0;11,7;170,0
2017-09-26;07:46:20;918;20,482543;38,160420;32,4;3364,2;163,0;11,7;170,0
2017-09-26;07:46:21;919;20,482523;38,160379;32,2;3369,1;168,0;11,8;170,0
2017-09-26;07:46:22;920;20,482523;38,160379;32,2;3369,1;172,0;11,7;170,0
2017-09-26;07:46:23;921;20,482548;38,160350;32,4;3373,0;175,0;11,7;168,0
2017-09-26;07:46:25;923;20,482560;38,160298;32,4;3379,0;179,0;11,5;168,0
2017-09-26;07:46:32;930;20,482576;38,160082;32,4;3403,0;177,0;11,6;170,0
2017-09-26;07:46:37;935;20,482579;38,159936;32,4;3419,2;174,0;11,7;170,0
2017-09-26;07:46:44;942;20,482556;38,159728;32,2;3442,3;172,0;11,7;170,0
2017-09-26;07:46:51;949;20,482522;38,159517;31,8;3465,9;171,0;11,9;170,0
2017-09-26;07:46:59;957;20,482492;38,159315;31,2;3488,4;171,0;11,9;170,0
2017-09-26;07:47:06;964;20,482469;38,159115;31,2;3510,7;170,0;11,8;170,0
2017-09-26;07:47:12;970;20,482449;38,158932;31,2;3531,1;169,0;11,9;170,0
2017-09-26;07:47:19;977;20,482425;38,158737;31,2;3552,8;168,0;11,8;170,0
2017-09-26;07:47:26;984;20,482401;38,158535;30,8;3575,3;168,0;11,8;170,0
2017-09-26;07:47:32;990;20,482373;38,158353;31,0;3595,8;168,0;11,8;170,0
2017-09-26;07:47:38;996;20,482331;38,158162;31,6;3617,2;168,0;11,9;170,0
2017-09-26;07:47:44;1002;20,482247;38,157958;32,0;3641,1;167,0;12,0;172,0
2017-09-26;07:47:51;1009;20,482126;38,157777;32,0;3663,9;168,0;12,0;170,0
2017-09-26;07:47:58;1016;20,482010;38,157620;31,8;3684,0;169,0;12,0;170,0
2017-09-26;07:48:04;1022;20,481894;38,157455;30,8;3704,9;168,0;12,0;170,0
2017-09-26;07:48:11;1029;20,481786;38,157278;29,8;3726,7;168,0;12,0;170,0
2017-09-26;07:48:18;1036;20,481704;38,157088;29,0;3749,0;169,0;12,0;170,0
2017-09-26;07:48:24;1042;20,481692;38,156907;28,8;3769,2;169,0;12,0;172,0
2017-09-26;07:48:31;1049;20,481746;38,156721;28,8;3790,5;168,0;12,0;170,0
2017-09-26;07:48:32;1050;20,481796;38,156691;29,0;3796,0;166,0;11,8;170,0
2017-09-26;07:48:40;1058;20,481964;38,156572;29,8;3816,7;165,0;11,4;168,0
2017-09-26;07:48:46;1064;20,482107;38,156415;29,6;3838,2;168,0;11,9;172,0
2017-09-26;07:48:47;1065;20,482152;38,156353;29,4;3846,1;171,0;12,1;172,0
2017-09-26;07:48:54;1072;20,482275;38,156190;29,6;3867,1;170,0;12,5;172,0
2017-09-26;07:49:00;1078;20,482383;38,156033;29,6;3887,0;167,0;12,4;172,0
2017-09-26;07:49:06;1084;20,482527;38,155868;30,2;3909,2;165,0;12,7;172,0
2017-09-26;07:49:12;1090;20,482643;38,155715;31,0;3929,2;167,0;12,8;172,0
2017-09-26;07:49:19;1097;20,482762;38,155550;31,2;3950,3;165,0;12,0;168,0
2017-09-26;07:49:26;1104;20,482901;38,155382;31,0;3972,5;165,0;11,7;170,0
2017-09-26;07:49:33;1111;20,483028;38,155207;31,0;3995,0;163,0;11,7;172,0
2017-09-26;07:49:35;1113;20,483069;38,155152;31,0;4002,0;163,0;11,7;170,0
2017-09-26;07:49:41;1119;20,483201;38,155003;30,4;4022,2;163,0;12,0;172,0
2017-09-26;07:49:49;1127;20,483288;38,154949;30,4;4032,1;161,0;4,3;0,0
2017-09-26;07:50:07;1145;20,483321;38,154882;29,8;4040,1;158,0;3,1;0,0
2017-09-26;07:50:20;1158;20,483322;38,154892;30,0;4042,4;154,0;0,0;0,0
2017-09-26;07:50:26;1164;20,483322;38,154887;30,0;4042,9;150,0;0,0;0,0
2017-09-26;07:50:28;1166;20,483317;38,154891;30,0;4043,6;147,0;0,0;0,0
2017-09-26;07:50:30;1168;20,483315;38,154892;30,0;4043,7;143,0;0,0;0,0
2017-09-26;07:50:40;1178;20,483338;38,154847;29,6;4049,2;139,0;2,7;118,0
2017-09-26;07:50:42;1180;20,483369;38,154855;30,0;4052,0;140,0;4,8;90,0
2017-09-26;07:50:48;1186;20,483563;38,154957;32,4;4072,3;146,0;12,8;178,0
2017-09-26;07:50:49;1187;20,483563;38,154957;32,4;4072,3;146,0;12,8;178,0
2017-09-26;07:50:51;1189;20,483627;38,154996;33,4;4079,4;150,0;12,8;178,0
2017-09-26;07:50:53;1191;20,483694;38,155037;34,2;4086,9;158,0;13,3;180,0
2017-09-26;07:50:54;1192;20,483728;38,155055;34,6;4090,4;162,0;13,3;182,0
2017-09-26;07:50:55;1193;20,483761;38,155073;35,0;4093,9;166,0;13,3;184,0
2017-09-26;07:50:56;1194;20,483795;38,155090;35,6;4097,5;171,0;13,2;188,0
2017-09-26;07:50:57;1195;20,483829;38,155103;36,0;4100,8;174,0;13,1;188,0
2017-09-26;07:51:00;1198;20,483926;38,155131;37,2;4109,9;171,0;12,7;178,0
2017-09-26;07:51:02;1200;20,483987;38,155125;37,8;4115,4;168,0;12,1;176,0
2017-09-26;07:51:08;1206;20,484086;38,155011;38,2;4131,0;172,0;10,5;170,0
